

obs		[

gesture  	[

frames			[ 0.  0.  0.  0.16  0.27  0.81  0.98  0.48  0.22  0.16  0.    0.    0.    0.  ]
13 x 13			[ 0.  0.  0.  0.    0.25  0.81  1.    0.48  0.21  0.    0.    0.    0.    0.  ]
				[ 0.  0.  0.  0.15  0.25  0.77  0.85  0.37  0.22  0.    0.    0.    0.    0.  ]
				[ 0.  0.  0.  0.15  0.24  0.77  0.9   0.38  0.17  0.    0.    0.    0.    0.  ]
				[ 0.  0.  0.  0.    0.23  0.76  0.93  0.43  0.27  0.19  0.    0.    0.    0.  ]
				[ 0.  0.  0.  0.15  0.25  0.78  0.91  0.42  0.2   0.16  0.    0.    0.    0.  ]
				[ 0.  0.  0.  0.16  0.25  0.77  0.92  0.4   0.2   0.18  0.    0.19  0.17  0.  ]
				[ 0.  0.  0.  0.    0.23  0.76  0.93  0.43  0.16  0.29  0.31  0.    0.    0.  ]
				[ 0.  0.  0.  0.    0.23  0.75  0.9   0.38  0.28  0.23  0.    0.15  0.    0.  ]
				[ 0.  0.  0.  0.18  0.28  0.75  0.85  0.38  0.23  0.22  0.17  0.    0.    0.  ]
				[ 0.  0.  0.  0.17  0.3   0.74  0.89  0.39  0.18  0.    0.    0.    0.    0.  ]
				[ 0.  0.  0.  0.    0.24  0.74  0.86  0.41  0.21  0.    0.    0.    0.    0.  ]
				[ 0.  0.  0.  0.16  0.28  0.75  0.89  0.41  0.19  0.    0.    0.    0.    0.  ]
			]
		]